829 
934 
419 
449 
666 
498 
674 
205 
987 
881 
289 
840 
915 
831 
75 
434 
572 
469 
546 
612 
921 
269 
178 
163 
209 
759 
226 
634 
239 
560 
467 
418 
145 
629 
844 
854 
387 
498 
391 
463 
285 
217 
159 
944 
779 
200 
682 
991 
406 
405 
604 
673 
393 
291 
440 
876 
413 
137 
130 
117 
100 
908 
205 
369 
307 
853 
424 
86 
987 
652 
839 
934 
619 
124 
408 
514 
29 
541 
349 
827 
894 
424 
306 
156 
56 
329 
987 
931 
752 
163 
387 
427 
628 
742 
113 
353 
119 
235 
212 
413 
403 
378 
723 
844 
211 
925 
937 
477 
442 
285 
226 
830 
614 
158 
312 
583 
253 
662 
149 
619 
497 
52 
430 
395 
635 
378 
717 
865 
95 
605 
255 
633 
878 
800 
607 
615 
768 
785 
335 
568 
847 
155 
97 
706 
653 
526 
940 
991 
816 
72 
781 
281 
6 
972 
963 
852 
878 
408 
59 
337 
56 
453 
211 
118 
305 
591 
63 
937 
360 
722 
701 
441 
779 
216 
657 
383 
163 
120 
21 
430 
467 
554 
988 
675 
354 
460 
451 
806 
759 
723 
213 
603 
901 
935 
659 
592 
75 
739 
36 
926 
506 
327 
286 
649 
847 
884 
383 
205 
548 
478 
302 
103 
200 
636 
477 
254 
139 
917 
467 
976 
338 
276 
650 
252 
263 
229 
813 
512 
611 
883 
587 
383 
442 
561 
101 
91 
500 
993 
173 
156 
687 
556 
439 
432 
829 
450 
419 
47 
655 
709 
980 
277 
887 
309 
175 
322 
54 
441 
944 
193 
596 
471 
507 
720 
560 
595 
420 
65 
348 
429 
68 
605 
104 
537 
544 
764 
109 
320 
730 
822 
867 
942 
163 
469 
145 
828 
224 
906 
828 
412 
270 
22 
332 
397 
596 
229 
200 
230 
669 
544 
350 
467 
461 
750 
148 
626 
752 
242 
818 
422 
157 
286 
550 
861 
224 
987 
927 
651 
344 
393 
895 
149 
44 
143 
575 
812 
450 
115 
246 
370 
867 
792 
612 
608 
788 
870 
430 
5 
498 
887 
873 
682 
70 
706 
50 
6 
787 
503 
991 
470 
390 
777 
379 
620 
831 
290 
899 
194 
599 
511 
279 
798 
219 
92 
260 
664 
37 
571 
646 
758 
881 
900 
327 
320 
464 
635 
929 
222 
16 
232 
801 
273 
436 
481 
271 
715 
391 
20 
690 
810 
75 
450 
220 
739 
369 
339 
948 
562 
900 
576 
117 
646 
813 
556 
581 
823 
847 
138 
328 
434 
355 
602 
172 
309 
442 
384 
578 
241 
938 
208 
779 
733 
910 
823 
489 
518 
781 
824 
993 
403 
10 
878 
394 
691 
516 
524 
804 
113 
365 
882 
918 
717 
51 
816 
166 
943 
127 
889 
899 
534 
889 
938 
770 
465 
89 
647 
858 
637 
102 
928 
465 
396 
4 
743 
130 
202 
57 
774 
712 
997 
239 
698 
557 
437 
730 
723 
813 
303 
56 
254 
430 
143 
582 
438 
750 
711 
94 
85 
231 
809 
624 
299 
590 
845 
548 
607 
564 
226 
563 
30 
201 
354 
83 
537 
653 
384 
54 
245 
745 
317 
493 
23 
714 
150 
56 
71 
336 
707 
736 
43 
80 
351 
615 
491 
423 
622 
533 
797 
463 
253 
832 
742 
306 
932 
454 
432 
925 
966 
829 
864 
180 
55 
389 
300 
296 
510 
411 
439 
572 
413 
684 
69 
281 
397 
102 
327 
638 
799 
616 
431 
956 
617 
76 
938 
640 
769 
99 
993 
776 
648 
653 
179 
597 
546 
764 
120 
260 
142 
759 
910 
365 
538 
319 
459 
34 
168 
657 
251 
254 
820 
754 
595 
61 
559 
513 
302 
317 
251 
692 
771 
541 
44 
701 
17 
91 
58 
779 
114 
42 
557 
323 
869 
704 
21 
243 
11 
453 
365 
457 
23 
588 
34 
618 
101 
420 
726 
623 
650 
435 
618 
551 
106 
278 
330 
588 
929 
940 
326 
1 
105 
193 
136 
837 
945 
549 
67 
402 
870 
868 
819 
810 
545 
257 
367 
68 
200 
227 
177 
497 
527 
550 
936 
672 
111 
294 
318 
310 
620 
573 
619 
9 
173 
463 
897 
797 
990 
831 
439 
477 
815 
245 
870 
310 
565 
803 
38 
114 
611 
249 
999 
907 
471 
767 
670 
75 
438 
737 
149 
44 
550 
589 
702 
36 
827 
330 
650 
254 
675 
852 
700 
564 
973 
557 
947 
262 
179 
57 
256 
130 
818 
396 
188 
612 
578 
603 
323 
40 
7 
286 
3 
444 
452 
832 
653 
229 
412 
671 
260 
499 
477 
877 
416 
292 
264 
883 
731 
193 
420 
343 
966 
935 
134 
884 
274 
895 
602 
369 
405 
313 
737 
562 
243 
538 
399 
428 
568 
142 
31 
462 
225 
514 
13 
888 
814 
215 
218 
465 
885 
907 
316 
268 
695 
469 
100 
365 
714 
196 
42 
19 
709 
664 
370 
150 
636 
994 
515 
72 
989 
795 
854 
401 
983 
689 
64 
692 
217 
650 
571 
694 
279 
999 
624 
474 
619 
506 
918 
375 
592 
285 
829 
376 
598 
332 
412 
805 
1000 
43 
460 
102 
247 
802 
268 
650 
886 
961 
475 
153 
549 
15 
211 
454 
392 
884 
514 
277 
685 
500 
501 
814 
913 
310 
231 
829 
386 
101 
618 
41 
60 
178 
94 
464 
71 
852 
778 
826 
390 
248 
294 
682 
270 
414 
645 
985 
450 
471 
52 
841 
262 
164 
468 
773 
552 
174 
330 
436 
743 
681 
133 
64 
984 
966 
575 
853 
390 
945 
273 
299 
22 
476 
434 
79 
740 
989 
478 
903 
333 
88 
35 
132 
534 
288 
111 
197 
177 
495 
434 
926 
730 
289 
855 
581 
949 
256 
78 
136 
984 
479 
36 
329 
196 
262 
40 
252 
79 
745 
323 
125 
595 
545 
891 
335 
202 
272 
591 
124 
601 
981 
225 
358 
466 
807 
470 
818 
532 
336 
369 
835 
6 
484 
856 
864 
799 
513 
764 
308 
229 
827 
471 
372 
333 
171 
13 
912 
760 
608 
410 
378 
624 
508 
457 
546 
112 
913 
283 
417 
468 
716 
158 
110 
709 
124 
417 
201 
12 
892 
845 
910 
561 
228 
859 
