411
187
336
276
952
925
80
300
507
763
82
953
514
142
375
4
653
706
695
45
3
920
866
573
127
318
859
105
56
459
531
399
169
593
69
477
321
610
438
69
566
503
236
466
97
524
445
434
88
285
405
748
430
609
4
384
13
958
412
42
510
765
695
999
300
863
318
204
192
333
235
814
379
166
13
447
301
424
785
60
662
113
869
461
232
527
110
395
698
626
74
969
814
59
998
52
611
231
139
762
657
275
576
912
377
565
422
163
515
263
344
696
672
885
597
19
515
863
121
602
639
361
418
411
387
27
12
870
819
641
869
294
193
911
284
543
366
144
308
336
338
367
352
327
151
220
790
326
193
756
952
55
324
729
999
688
108
146
750
421
914
754
282
353
287
832
119
308
24
899
988
595
749
818
884
799
655
698
982
207
153
240
372
821
84
589
876
500
44
194
584
554
270
252
710
583
861
195
384
25
961
431
677
494
578
711
604
253
95
505
90
178
250
865
485
472
841
743
710
73
107
981
2
637
445
677
746
671
137
522
382
666
589
477
569
224
833
878
951
583
295
722
220
621
788
959
872
494
885
181
846
107
344
50
838
695
105
677
924
103
3
490
485
489
157
48
753
708
999
195
984
266
733
680
187
39
424
675
275
245
402
195
58
227
122
680
83
962
597
154
181
56
693
892
918
918
295
754
414
308
882
22
116
436
724
891
699
21
92
306
849
411
300
493
727
948
862
825
439
430
502
245
357
707
149
32
929
72
10
592
91
623
420
73
483
670
783
247
265
695
707
635
573
930
337
228
752
810
246
962
550
782
265
557
371
32
335
512
859
500
96
523
582
677
221
81
207
460
447
627
275
123
531
170
298
396
215
545
420
369
400
612
90
95
667
794
267
179
100
537
29
70
794
370
658
374
563
708
24
539
246
432
932
840
321
787
579
966
631
845
742
13
950
682
464
756
523
285
177
350
325
918
225
29
640
74
286
819
578
1
175
443
296
456
477
121
795
979
339
494
745
80
227
226
104
565
568
150
257
29
411
447
48
941
277
115
908
173
149
516
326
43
399
965
772
973
679
456
198
448
59
287
885
203
288
674
815
638
933
338
584
525
666
591
104
352
745
264
883
858
298
89
42
291
551
432
381
932
280
431
219
760
711
339
724
413
691
299
554
864
262
630
990
24
672
195
422
835
967
126
373
537
10
709
458
974
312
368
265
763
750
868
265
466
501
741
187
860
301
537
635
952
641
527
659
98
287
536
613
468
940
532
481
57
678
978
937
638
663
595
743
747
527
217
79
409
472
653
563
548
382
2
368
340
714
779
803
588
155
712
821
100
269
731
322
126
256
927
512
926
202
391
572
995
792
714
832
769
930
368
853
480
704
15
509
764
766
834
453
534
99
745
678
562
519
156
364
622
942
757
269
802
557
281
335
962
132
182
868
230
388
552
388
318
736
782
844
901
820
377
407
563
728
147
956
69
509
503
971
296
166
231
212
192
834
127
967
40
356
294
739
476
330
981
160
915
328
514
690
282
106
233
544
679
363
111
832
798
339
848
709
383
440
836
512
532
765
2
37
865
83
760
89
79
532
655
867
562
496
85
278
636
734
438
522
373
277
428
886
89
71
712
33
249
698
733
862
999
623
831
443
826
55
391
921
455
222
922
175
402
795
163
447
296
777
385
565
182
365
31
66
338
651
381
442
469
541
184
762
111
24
877
488
809
820
482
573
665
318
4
805
127
914
624
239
946
627
363
665
452
176
395
463
863
69
237
606
238
308
869
511
512
48
315
674
878
74
487
847
258
183
216
124
690
339
544
353
775
289
918
851
789
392
428
495
243
499
567
986
708
133
598
316
36
571
819
696
554
772
962
248
283
506
240
792
33
348
636
10
831
605
722
486
909
882
793
893
179
625
929
937
772
399
304
865
660
39
599
197
825
679
455
841
68
488
47
283
18
792
524
524
571
337
520
520
522
754
157
2
918
351
682
8
106
273
747
953
633
253
830
189
650
483
665
429
300
442
556
943
833
606
253
137
51
18
970
187
691
821
228
715
3
155
316
482
721
8
985
876
104
396
141
508
646
967
28
484
391
884
952
272
478
881
902
564
623
831
766
36
380
932
494
509
409
622
188
825
419
689
317
824
546
698
618
575
592
690
976
235
316
310
840
221
168
740
128
453
156
960
189
140
837
249
607
767
798
846
473
608
9
184
188
453
562
701
218
527
147
446
83
315
982
739
881
205
592
196
190
384
377
677
956
535
738
387
584
595
550
433
365
